cfip.xxxxxxxx.tk      443,8443,2096,2087,8080,2082,2096
cdn.kaiche.tk         443,8443,2096,2087,8080,2082,2096
sp.rweek.top          443,8443,2096,2087,8080,2082,2096
hk.rweek.top          443,8080,2082,

icook.tw              443,8443,2096,2087,8080,2082,2096
cfip.xxxxxxxx.tk      8443,2096,2087,8080,2082,2096
cdn.kaiche.tk         443,8443,2096,2087,8080,2082,2096,2053
sp.rweek.top          443,8443,2096,2087,8080,2082,2096,2053
hk.rweek.top          8080,2082
time.cloudflare.com   443 2087 2053
time.is               2082,2053 

icook.tw              443,8443,2096,2087,8080,2082,2096,2053
ip.sb                 443,2096,2087,8080,2082,2096,2053
japan.com             443,8443,2096,2087,8080,2096,2053
malaysia.com          443,8443,2096,2087,8080,2082,2096,2053   
russia.com            443,8443,2096,8080,2082,2096,
singapore.com         443,8443,2096,2087,8080,2082,2096,2053
skk.moe               2087,8080,2096
www.visa.com          2096,2082,2053
www.visa.com.sg       443,8443,2096,2087,8080,2082,2096,2053
www.visa.com.hk       443,8443,2096,2087,8080,2082,2096,2053
www.visa.com.tw       443,2096,2087,8080,2082,2096,2053
www.visa.co.jp            443,2096,2087,8080,2082,2096,2053
www.visakorea.com         443,8443,2096,2087,2082,2096,2053
www.gco.gov.qa            443,8443,2096,2087,2082,2096,2053
www.gov.se                443,8443,2096,2087,8080,2082,2096,2053
www.gov.ua                2082
www.digitalocean.com      8443,2096,2087,8080,2082,2053
www.shopify.com           443,8443,2096,2087,8080,2082,2053
www.whoer.net             443,8443,2096,2087,8080,2082,2096,2053
www.whatismyip.com        443,8443,2087,8080,2082,2096
www.ipget.net             8443,2096,2087,8080,2082,2096,2053
www.hugedomains.com       8443,2096,2087,8080,2082,2096,2053
www.udacity.com           443,8443,2096,2087,8080,2096,2053
www.4chan.org             443,8443,2096,2087,8080,2082,2096,2053

www.okcupid.com           443,8443,2096,8080,2082,2096,2053
www.glassdoor.com         443,8443,2096,2087,8080,2082,2096,2053
www.udemy.com             443,8443,2096,2087,8080,2082,2096,2053
www.baipiao.eu.org        443,8443,2096,2087,8080,2082,2096,2053
cdn.anycast.eu.org        2087,8080,2053
xn--b6gac.eu.org          443,8443,2096,8080,2082,2096,2053
alejandracaiccedo.com     443,8443,2096,2087,8080,2082,2096,2053
log.bpminecraft.com       443,8443,2096,2087,8080,2082,2096,2053
www.boba88slot.com        443,8443,2096,2087,8080,2082,2096,2053
gur.gov.ua                443
www.zsu.gov.ua            443,8443,2096,2087,8080,2082,2096,2053
www.iakeys.com            443,8443,2096,2087,8080,2082,2096,2053
edtunnel-dgp.pages.dev    443,8443,2096,2087,8080,2082,2096,2053
www.d-555.com             443,8443,2096,2087,8080,2082,2096,2053
fbi.gov                   443,8443,2096,8080,2082,2096,2053
toy-people.com            443,8443,2096,2087,8080,2082,2053
dnschecker.org            443,8443,2096,2087,8080,2082,2096,2053
dnschecker.org            443,8443,2096,2087,8080,2082,2096,2053
comicabc.com              443,8443,2096,2087,8080,2082,2096,2053